# unix_time, cycles_done, cur_path, paths_total, pending_total, pending_favs, map_size, unique_crashes, unique_hangs, max_depth, execs_per_sec
1524889173, 0, 0, 1, 1, 1, 0.14%, 0, 0, 1, 727.27
1524889178, 0, 0, 133, 133, 1, 0.57%, 0, 0, 2, 2763.43
1524889183, 0, 0, 155, 155, 1, 0.67%, 0, 0, 2, 3195.67
1524889188, 0, 3, 167, 166, 52, 0.72%, 0, 0, 3, 3297.83
1524889193, 0, 3, 182, 181, 52, 0.78%, 0, 0, 3, 3289.43
1524889198, 0, 5, 190, 188, 62, 0.79%, 0, 0, 3, 3324.75
1524889203, 0, 5, 195, 193, 62, 0.81%, 0, 0, 3, 3302.25
1524889208, 0, 15, 200, 196, 66, 0.83%, 0, 0, 3, 3303.45
1524889214, 0, 19, 213, 207, 64, 0.85%, 0, 0, 3, 3306.45
1524889219, 0, 19, 226, 220, 64, 0.85%, 0, 0, 3, 3029.90
1524889224, 0, 25, 231, 223, 69, 0.85%, 0, 0, 3, 3113.87
1524889229, 0, 25, 236, 228, 69, 0.86%, 0, 0, 3, 3244.28
1524889234, 0, 29, 238, 229, 67, 0.86%, 0, 0, 3, 3260.38
1524889239, 0, 47, 238, 225, 63, 0.86%, 0, 0, 3, 3295.95
1524889244, 0, 47, 257, 244, 63, 0.87%, 0, 0, 3, 3278.59
1524889249, 0, 47, 272, 259, 63, 0.90%, 0, 0, 3, 3260.38
1524889255, 0, 75, 288, 272, 72, 0.91%, 0, 0, 3, 3272.92
1524889260, 0, 75, 306, 290, 72, 0.95%, 0, 0, 3, 3198.26
1524889265, 0, 80, 311, 294, 83, 0.97%, 0, 0, 3, 3221.31
1524889270, 0, 81, 320, 302, 82, 1.00%, 0, 0, 3, 3264.90
1524889275, 0, 81, 329, 311, 82, 1.00%, 0, 0, 3, 3271.63
1524889280, 0, 87, 344, 325, 84, 1.02%, 0, 0, 3, 3287.15
1524889285, 0, 87, 357, 338, 84, 1.03%, 0, 0, 3, 3305.86
1524889290, 0, 103, 361, 339, 94, 1.03%, 0, 0, 3, 3331.37
1524889296, 0, 109, 365, 341, 92, 1.03%, 0, 0, 3, 3305.80
1524889301, 0, 116, 367, 341, 90, 1.03%, 0, 0, 3, 3349.51
1524889306, 0, 117, 373, 346, 89, 1.03%, 0, 0, 3, 3332.28
1524889311, 0, 117, 374, 347, 89, 1.03%, 0, 0, 3, 3324.32
1524889316, 0, 129, 380, 352, 89, 1.03%, 0, 0, 3, 3331.07
1524889321, 0, 129, 387, 359, 89, 1.04%, 0, 0, 3, 3253.64
1524889326, 0, 140, 402, 373, 89, 1.04%, 0, 0, 3, 3284.49
1524889331, 0, 140, 412, 383, 89, 1.05%, 0, 0, 3, 3289.44
1524889337, 0, 145, 429, 398, 88, 1.08%, 0, 0, 3, 3331.23
1524889342, 0, 145, 440, 409, 88, 1.09%, 0, 0, 3, 3276.37
1524889347, 0, 149, 444, 411, 93, 1.09%, 0, 0, 3, 3356.49
1524889352, 0, 158, 451, 416, 91, 1.09%, 0, 0, 4, 3328.25
1524889357, 0, 158, 461, 426, 91, 1.10%, 0, 0, 4, 3307.62
1524889362, 0, 159, 465, 429, 92, 1.10%, 0, 0, 4, 3307.11
1524889367, 0, 163, 465, 426, 89, 1.10%, 0, 0, 4, 3317.39
1524889372, 0, 163, 472, 433, 89, 1.10%, 0, 0, 4, 3279.31
1524889377, 0, 163, 483, 444, 89, 1.10%, 0, 0, 4, 3262.13
1524889382, 0, 168, 486, 445, 88, 1.10%, 0, 0, 4, 3254.30
1524889388, 0, 168, 497, 456, 88, 1.12%, 0, 0, 4, 3252.88
1524889393, 0, 168, 511, 470, 88, 1.15%, 0, 0, 4, 3253.31
1524889398, 0, 176, 514, 471, 98, 1.15%, 0, 0, 4, 3275.36
1524889403, 0, 176, 535, 492, 98, 1.16%, 0, 0, 4, 3292.66
1524889408, 0, 181, 541, 497, 100, 1.16%, 0, 0, 4, 3306.33
1524889413, 0, 190, 545, 500, 99, 1.16%, 0, 0, 4, 3313.29
1524889418, 0, 191, 547, 501, 99, 1.16%, 0, 0, 4, 3327.70
1524889424, 0, 204, 547, 498, 96, 1.16%, 0, 0, 4, 3327.43
1524889429, 0, 206, 553, 503, 96, 1.17%, 0, 0, 4, 3294.49
1524889434, 0, 206, 556, 506, 96, 1.17%, 0, 0, 4, 3305.90
1524889439, 0, 220, 560, 507, 95, 1.17%, 0, 0, 4, 3316.35
1524889444, 0, 233, 560, 505, 93, 1.17%, 0, 0, 4, 3290.16
1524889450, 0, 233, 567, 512, 93, 1.17%, 0, 0, 4, 3244.01
1524889455, 0, 233, 570, 515, 93, 1.17%, 0, 0, 4, 3229.22
1524889460, 0, 252, 572, 515, 91, 1.17%, 0, 0, 4, 3288.29
1524889465, 0, 268, 574, 515, 89, 1.17%, 0, 0, 4, 3332.14
1524889470, 0, 271, 574, 513, 87, 1.17%, 0, 0, 4, 3327.05
